12112444241412214322114123424411232132141214232234113422123412441222121411412114321414143212432123111212324341244124141123114442121212233412
24422331322433311324123212423221431212343234232234123231112343331242423232232322221234221213234123222234224222234331332222421332432434222231
33312212423412242122342332123432231432343234114234342422223422222233121432432342343232342222432123133434331331234222421331332422231231233422
44221433122431231331321124442423232132111214122224321311321311231234213431124311343231321131211243412234224424224343214444243331222212241413
13333224241121334142424211232123414422123232223322322214424321424342112412332322241232241434343213413231233331124121212123132143133131313214
41224131341322224121234122122423112323213234342421321223234321412213141432122323321234231332324221222224222432131222414342224222444222223242
33131242324223324243222323343423424323223434341234242433232323234122233412314342213132222242123143434321142224222313334314311333232143421234
44224232424124224341414324223434224343421221221234333132214323422231122214321143242244113332244243412342123431324422222222144421432143412424
12323121132323232121134313121213434323424321144222222232124341223422442224222222234213242424321323231322223222433143434341232331234122221414
42341413434323214444234123424243212321234324123343241122134321243233113332322332131123123312312124242222312243321421434332324122411313312434
12312131432111232133122213333313424421212321343223421412122323323422424214321224244141224244421132312314312321432111222223414241122242223222
42444143212242421242233114142243232311114324323421223432112324442231313112214324323213112133113122422432142343233432432114231322133232142424
43132313233343333231221221213213232222224412313231322224324211232124142424331322322241221224232423233124331321422323334122222422241434243333
22232224144224241432242234124242434131312114124414214111313222132331241322244224323233243213232123122432142243134111412113333232321432324222
44442212121332123432432231133333134124143212311311234242242432244221324143213231113412232211412312143212322123422241232311442432412242222222
43312232314424313232231224242224242213221334222123234333333424313332222243422224422131422432432324323231412323313332412341332222332321113333
12424234222234224442442433113432123223422414132141232124411232142214333341234143224442133232432442341243214444421432114342222332442313424444
21233422233412113312333244241234323244233132221121231312321212111234142122132123431223222422232131322223232331132221122121414422322421232322
13222413141422122222422232341231111213221134311312432442432132122214321334244143224314243333432142113111232222412332221331132112343321232321
43423222223432122143311212123414242243244442334212342333234232331232144222313321212221324442432133244422414131232122311242222314331341422311
23422231313112141123243224143233333313233222123331331332232231342112423422222223133432123231214221233333334222232244121232331422111432134224
33432241232442342223123433123422422224224244412422243224134124212332343213142142241121432112442212224222232323412312342424441232324314321433
23432311123332313211143222222211111431312333212311123232232133332442322122223312322223231123413121331232134312333422222313112132343321113222
43432343432442341224322223412342122234321224214314243234224242222332321432442242343323232134222224224343234342242133322221242442142332221431
33132143223332343332111343432232323222222422222242341434333331322442433232331112312241432143143313312313322223323422241113312331121213323224
21444222212412342224224143412224141113133333233132223232222222243223221122442232442132214224123422422321143412223221332422112442123422241434
12233343211322113231332123233412312342422142414144221242241133123121222423333421332232434121243213112422343212314241243214322333343422233234
22222412434241444232414323222432121343322223432123222313332444442233334321441221422432224343212224222131321244143313211432342444213233422232
23432121432133132211234341444422212141143323232232342212321321234211424342222343231232311223422333333432143133242241231234323133324242433234
43424333234222232123432123313413433221342423212324314232142224222231114323331123422234244143234244421232311421211342221432122222122313422434
23414241242231212342224422222222421331241324241132112224223432214222431234144221123413213222412223123422442212112113133234132312122422213234
24232322113424214221343212113341224222121212322422424323223234131333222412322141212214343231232422243233333214224342222422224242143213122234
43212122323211232334222241244441334324121132323312234111421132244424411234213342133321243411432133323222244222341233133312313232123422444244
32234132242424244421234322232322224332324224424243212423214212231123232122122143424414143233432142442444211231423142224444444444143231333234
21231231133432333222432343234341234221321313132122233323231332224222441131332222233334324222434331133313144444244211322321311323342442242234
14231244242232214232211143234141211342122222144233134244224424321142321234214341222222323111132242122242123321332334142222222222223313123222
32232433123412132234224222412313131322244231423242432112313314342322323414334143111144422444222123212131222222221414343234331333312342224442
32312234211234312343334133234241222241333421121232232244224424322424142432224441234113211333334213332214333331311242341234242341442213113334
44242222214412342224222212432123313332242221142212432133432122421133313232322341221212222242424342414312244444243112323212113211331312222422
13343433143212343313123431214341222444123424233433123423242113313212224234342322231421313322212323131221123133342242142234224242422224343214
22243224422212342212243212342311311332142333212231112214424224422331233434322313244234342243422321222432424242222421323234233132213333321434
42123232111232343214322442222322422123224241424422444231333133324414342222244444423212331311131113343234131313332342143224242423134244241234
43143214342434343212343313312323312324231113213341132244242442422333211324223312323212122244442444123412242424124322141411333212421322213232
21222332343434243242442244242324422212242222324421212311311334332222122113322222321442313123331331142222313133112142222222424232212424141234
23214222322232341231312123232312321322323134332322242242122122412112123414221432114314341442222242213432122222413212333232122214231132123231
42431334244222323422244444244242341412322424314323333211413243212341422432323231343212213133212123241231131342224232412444223212224232341244
13224424332112442111133231333132222132343211231322114234121433432322332212422442244124442442224243221432422213333421212213222232321232243313
22223222224441331122224232222112333112322442244424122222331112232341412311131323113432131333233142433232334244241213234141234224143434142222
11324421313342442223333222111241421432142313123133243414424244412141232242422141232211122442221113222414242332211241431323434313313431214331
44243324422222331314114442442243333432342422223222143433233343212342432433334222431444442123341422241212222221132223222423234222421212232124
33112223213212122421332323213324222132342334321434322222213421434213134222212333131133322321233131343222341422224321213221414123132111234312
44241123143212113132224321222212113412342421343434223231222222434144214233234224442222224444422442343232321333312242222432122223112122432341
23312122224213321221234323413432112314143124221432143424243333232313312244234333332421433113111122223242341442241333131231433424442341212431
42123314313112111314222313223214141214323334323232342433342144242422143333242242442143222422243213224212343211232444442432141433334123131331
43341414142422342223434224244422243212324321321432141132221232133341342244213113321222133333312343433132143232222321111234322222422244221242
24243112211313323333224231333312341234322414123214121111432234124242243313341222243234221422223243214414343212322322221132313133333132143312
23122214341242424321434212224222243414143112341232322222234234313311222243212132341131313123214322143233311232342223343244224222442442342424
24232332123333321411234222321234243232322424243211323333212234222424412141432244122341221234221323223222444442223342422233331343213312311131
23232241212222243212212311321321221232321333343234144444411234311113314342434332213113113232232323223211333133424221133224231321122222123242
43434132444213323113214322143414131234142222223224333233231212321122222343232242342244242431234141424223222222232422442412342224442433424234
43434234333242424444232341231231221434323431311214222222221442441431142322242223133133333224224313312321224441212313313134313233233424233334
23212322242223123331231321124242433232323234143232411422143233133422312242223414444244424233142122234321223331414424422432343224421213232214
21222411333123222222424242214333224244224413243244412234321422222222113123243212332223311224143414131323122122133331132212343243213212421432
43213122444424442341323313232124211123132122123221212432242221311234212444223212222224221422323234214343424414142212341312141222441433333234
43422233133333334341243124224222124143224331224223431232333324342434321333213211311332343432321232334322433131313144422242323231333424211232
43234242224222422143232331132331323323224343132343434242414213212214132242224242444242222234123212122123122222121322331132313212232121234224
23242233312321321323234144224424422424332122212323431313132244231432123211412343233123434112243232313424211342231244422414244411434321232321
44223422223412322323212233333333221132214323123422214223212313414234124222332321242243434232143424342433214112341231321312133332231213232422
12323213312334222442444242222422111232134342423131334141422221221232233334222121232111232232321213243222434334223224422244224212232242421134
34124442212422233332331332341131121442224321122422214343233122112343242424324341434111334224141114422211231312322213333333331311232131123412
14131321412243122442242424343412343131222222321321232123222143133414221232124333432224414321122131231314242342124424422444224121234122423432
12222323232342242231313212312321122422232133312444212343213114121333143212434321233223224321332222422341321322223312323333334321234333223432
22324323132142323232241214241242333313434224243331432122123422242222121131232211244233434224241332343422422243324422422242234222214322423212
14324144412112323214143131321232424422321213312222424331321133333111342424242424233242221321322414324313323222222333134111231234122241124442
24122322324242244212343222113432233113123242421143424322343242444212311311133133212111111222123112321224444442434122122321212232233321313313
31232321333123231412321113241414222422343233131123432341222223132224421424124242421212242434321222221133111333212244412123134224442424322422
33331322141444234142343323123432133223312424224342232323131322221433323224312321333422233432121232224224442222422112334121412342213121312222
42444224323231242312222142412141424242442133334342412342414141113224222434222324243433221212343241333321313121332422422312314223312224224321
12233332324242132122422333132421431331232412422123311311214322222432141222234311123422143224343431214421242214242331331224311444224313221343
13242224421333422231332442142323232121232121113123232143332323133234323232434242122211223432141221432113133432131124342432143323332122112341
42223233232111211341242332324244232424234131424243123143214424444412223222214331312322441224323213234322442234112232323122123241224424324321
41243224112422241213322112323123331331432242233341434113332333113131113213432124142243331122343422112343333432232434322244244121211133322342
23341441122313333112413242243142221212221333412122222143214222422242444441224321112322422424243414122322422232131432124321312341222432124422
44212232144242442211323223132143313424341441224113333111434233433332133123234222442442321133321234212341312232421242212442221123343411224321
31234231133233333112221244242342243232113321234144421412234323112342222243214242323333343212221222334142444222343332242323241424223422311321
23211234224244412222444132312321232232242223421321213212221234111231333142414342424244243414222422424243232114342424233343213133323234224321
14414321312311234143332224422242432112333341412223322431323331234131424241412321131322113234323433131323232112123233144243422242422412314221
13332342422122211322112312321233234122241223213323141411121222222222222223412322222224321232321422422142232422322242123211232323123412124321
22322323312322244441432113223224232311111424231414342234224243434213233323214313314421423224121133312141431332422331333222412341234124111321
32312311234313213333432444144422244121113232124331342422333343434324442421214114222323223123213421141323111422332444142413132343411311224422
43424242132224123222232333333332323212221214322242343311122222222322313133412113341423123422222224222142442214412131213122414323234222233143
34232131411431143231412242224422143233334222242312321243421113331123222222433422223141422223331333334321311312342222221232313223212233244234
41232442433234223412232121421223243424214332132142242231234244444413131332222214321212433342424241432312314221331323341243132444413412131321
31241133222214343211432341433123112213222122124223222143214121323244414441243123212223412241234321122241431234244112442322221333211231214112
23412422211132221222234321224242414444232244414243233122422322123231231113342412343331244243214342424333322231431121222333322242321232434321
12131323412224423213112244232343413331232133234342424143434323244412424322223421134124321322231323332242211241212343314442113331322141231133
21424243433133323124223333231323222222434222232123412323232222223413132321221232122422122224244424222123113213212312423322244444411323232442
32323222122224442432342241214422221412132134224222234124242142323221222223243232123413111131133321241141241313222221314213211313312343233332
44243422123213132224223122432131233412242224332332412433333432121123233321143124122422422224224223212322122143233234321442412121224341422442
13343433341422112321343223232412221232323434224422331342232221323212244421343241143212313324213341434142312143422132343321213412132112123331
42223222242333342444123223232122424442341231113213112212124211223433123132121233323414342111444123134331212311234242321243424313142114322142
43121221212222143331234144424322433311323212422441224234333232143424223212322424243232232234321234232222432441232312124143142124232312324311
22422243224212422222231132324243222222432133334323433234212123223433322211213133322212233112342131214323414331442422222222222233232144222343
23313243433232123113214314321222441113131424442343244212131141123211433314444242423131412111232244131323412322123313333234333242424423412222
24441111212221342444412221141141322222222133232321231133414333422412222442331212212422231442444231224222123413424244441231142133321323213321
22331444241214343332332141222222313333422222142121244421231242232323432132224412311123212333332222432331132124233112313224321424222123414224
12222333342233222222442323333314324242233424131113223213222121412321431132122222442142131222222413234144421123212441221233321211334124123313
21432142223224141111312323412122222323422233122343423242433321214442411242123213232123421132113223412313343212432322422224223222424312341223
32112333142213231232224412123414132323233212143232123211211343221333412433244221432423321444424422432221222431432243334123343223214324123221
44442224224222324311423143213334221324442224321134121412444141442422231424212343232114243333123313432424113222432311412321143422132121241214
33323423123131414123423222243214342113331112343434323432331322233332122121234323434132322422222422432334322243412142234222223232432223113224
22243243242441112322123413331114323422222214122434223432222123422222412123122433234222121212343332222442323223414143433243422212324341213232
11121222132312142122323222422232423231242434333232323422432121231123432142422222212112321232314222333132121423234321222343412444234343213234
14321432332322343134343243233111321442433234122434123123234224422223132222333131123421323232422241442432421223212321111123211333122223241434
22333132422442312414113323243212211321224212211211322221432332324422132331442242221131442434132321321432233221113242224242222242214323231234
34124212223232121232324222224214121234212341234244224321234222322234224442313322434242333414222343113132142422123233333332333211131114242434
22231224223412233212313314332133312222211323431133134213232342241212333312322223132332222224322241224442112134222444242424444442232421313234
23232234341433244214342411244244123332122221244242211222231123323214222422141324242422113132324123211322432412343312323331333331343332322222
43214234123224233212112322331332322422313221311331121432442341223234321232322121313134224422321343222243432311322422422242222424314222422331
43433222321232244231212312322224423124441434112124423222334321341414123432342242422222132321422243413223422244114123332323113332213141234144
43212314121231313244232414341231222433233231334113321212422144123432243231313333312321212343233113221423233123124324442342243212442213222312
21221412341122143234232134313241432122422222432322432143233111213134142442242424241412314323412424142424242432114321232343211234131424232224
42413221321244243231434222424233422131131313232212322343123422422212321314123332121132432142233132321132111431132321422213211114222433143213
23222232441133141241214313123422244222222221132122214343214133334342421234224242313132124342422222243222213412224422123122224424333212223232
23232242232214212223224123242414321333343221434113312321223224241343343232323332222122222321232343312123222224123331123213414334221222343213
43224323432431241444234242342222324124243433132142442223413131122221211112122422424323342421432142411313432234324122423143244222341432343224
42432143432134343333232332323311224321243214232112331323142222243331144242412331334342243133112212224143434232321243423223212123423322343233
13324221424232322222112222342241234322221432142432144224221143314241213333424442212212321222444243213341412221222323422142214112341214342214
22232122434112424111324224242341232323331234132321333131312342412131442221231132124412123412313323222123214123432323234223331122321112223423
12232333232222131442223313212322224414244244222322222231412321234223132144142442433341243432412243232424234343232121432342214342444244243214
23232122232333222123412441232221333311121232314143434211212343422312432342323333314221123412231223414113234321412411232123314323133333224212
34144143424421432124223333424244444212324222422343231232231243424421432142322224231141422432412442222122232123433132441222212221242224231221
41333143233332412241322212133333132132321343112323242433432122233323432142241113234321133232242333414321224223422212323243211224123412242242
22222222222222232422423434242222222424314321422222213411224333424423432123212123312224422412332442134113131323231342414242424412342222323343
33131131114343432322222133312343332133233323123433321241332212112323432243222341234131321332142233422243144224422241231322333234221342322224
44424424224342131143114242424342424222212311143414212322224412224122232342414343134244122412323422433124233332321223232324223411314322442131
13313323322221214321412333322243134321121132141231332323313224331121432143332143214333311232343223422232242244424341244121123224422113133221
24224422243333123123222422243322232311424242323412414342422434242433422222242143412224123432322223134114333333234331313321424423231234222444
33133331142244413243213333143432232432133332343233123143334224313221232432131243223333131412241123432232144224232423224224321323422341333333
44444422123222123242224442112221414241232424121422212341142422221232131412432121244241243213421232321222223211211311131411124323113424422242
